0 6 250000
0 3 250000
0 1 250000
0 2 250000
1 5 625000
1 3 625000
2 6 625000
2 4 625000
3 5 468750
3 10 468750
3 6 468750
3 7 468750
4 6 541666
4 9 541666
4 12 541666
5 10 1046875
5 17 1046875
6 7 1442708
6 9 1442708
7 10 485243
7 11 485243
7 8 485243
7 13 485243
7 9 485243
7 22 485243
8 10 297048
8 24 297048
8 16 297048
8 14 297048
8 11 297048
9 12 1156539
9 13 1156539
9 19 1156539
10 14 1648958
10 17 1648958
11 24 445572
11 21 445572
11 23 445572
11 22 445572
12 19 2698205
13 22 660445
13 15 660445
13 19 660445
13 18 660445
14 16 1473003
14 17 1473003
15 18 830222
15 19 830222
16 24 2770051
18 20 1245333
18 22 1245333
20 21 1122666
20 22 1122666
21 22 1284119
21 23 1284119
23 24 2729691
