0 961939766 691341716
1 853553390 853553390
2 1000000000 500000000
3 676776695 676776695
4 961939766 308658283
5 691341716 961939766
6 750000000 500000000
7 500000000 500000000
8 323223304 676776695
9 676776695 323223304
10 499999999 750000000
11 250000000 499999999
12 853553390 146446609
13 500000000 250000000
14 308658283 961939766
15 500000000 0
16 146446609 853553390
17 499999999 1000000000
18 308658283 38060233
19 691341716 38060233
20 146446609 146446609
21 38060233 308658283
22 323223304 323223304
23 0 499999999
24 38060233 691341716